Write (DOWN): 2018-08-04 11:54:28,7066464
 a9 65 b4 d2 35 56 94 d5 55 96 65			żądanie WAKE-UP 0x5D            

Read (UP): 2018-08-04 11:54:37,5889984
 a9 65 b4 d2 35 56 56 65 55 70 d5					odpowiedź ACK  

Write (DOWN): 2018-08-04 11:54:37,6118928
 a9 65 b4 d2 35 56 94 d5 72 57 15 6a 55 55 55 55	żądanie budzenia z parametrem? po zdekodowaniu = A7 744307 5D 02 01 0A 00 00 ... 
 55 55 55 55 55 55 55 55 55 55 55 55 55 55 55 55
 55 55 55 55 55 55 55 55 55 55 55 55 55 55 55 55
 55 55 55 55 55 55 55 55 55 55 55 55 55 55 55 55
 55 55 55 55 55 55 55 55 55 55 55 55 55 55 55 55
 55 55 55 55 55 55 55 55 55 55 55 55 55 55 55 55
 55 55 55 55 55 55 55 55 55 c4 b5            

Read (UP): 2018-08-04 11:54:37,8031888
 a9 65 b4 d2 35 56 56 65 55 70 d5					odpowiedź ACK              

Write (DOWN): 2018-08-04 11:54:37,8251232
 a9 65 b4 d2 35 56 5a 55 55 68 b5					żądanie CMD_READ_ERROR_STATUS 0x75          

Read (UP): 2018-08-04 11:54:38,0069056
 a9 65 b4 d2 35 56 5a 55 71 55 55 55 55 55 55 55	odpowiedź CMD_READ_ERROR_STATUS 0x75	   
 55 55 55 55 55 55 55 55 55 55 55 55 55 55 55 55   
 55 55 55 55 55 55 55 55 55 55 55 55 55 55 55 55   
 55 55 55 55 55 55 55 55 55 55 55 55 55 55 55 55   
 55 55 55 55 55 55 55 55 55 55 55 55 55 55 55 55   
 55 55 55 55 55 55 55 55 55 55 55 55 55 55 55 55   
 55 55 55 55 55 55 55 55 55 64 b5               

Write (DOWN): 2018-08-04 11:54:38,0403216
 a9 65 b4 d2 35 56 6a 35 55 66 c5					żądanie CMD_READ_PUMP_STATE 0x83            

Read (UP): 2018-08-04 11:54:38,2220864
 a9 65 b4 d2 35 56 6a 35 71 56 35 55 55 55 55 55	odpowiedź CMD_READ_PUMP_STATE 0x83   
 55 55 55 55 55 55 55 55 55 55 55 55 55 55 55 55   
 55 55 55 55 55 55 55 55 55 55 55 55 55 55 55 55   
 55 55 55 55 55 55 55 55 55 55 55 55 55 55 55 55   
 55 55 55 55 55 55 55 55 55 55 55 55 55 55 55 55   
 55 55 55 55 55 55 55 55 55 55 55 55 55 55 55 55   
 55 55 55 55 55 55 55 55 55 d1 55  

Write (DOWN): 2018-08-04 11:54:38,2555440
 a9 65 b4 d2 35 56 65 a5 55 38 d5					żadanie CMD_READ_TEMP_BASAL 0x98            

Read (UP): 2018-08-04 11:54:38,4372144
 a9 65 b4 d2 35 56 65 a5 66 57 15 55 55 55 55 55	odpowiedź CMD_READ_TEMP_BASAL 0x98   
 55 55 55 55 55 55 55 55 55 55 55 55 55 55 55 55   
 55 55 55 55 55 55 55 55 55 55 55 55 55 55 55 55   
 55 55 55 55 55 55 55 55 55 55 55 55 55 55 55 55   
 55 55 55 55 55 55 55 55 55 55 55 55 55 55 55 55   
 55 55 55 55 55 55 55 55 55 55 55 55 55 55 55 55   
 55 55 55 55 55 55 55 55 55 c5 95

Write (DOWN): 2018-08-04 11:54:38,4865920
 a9 65 b4 d2 35 56 68 d5 55 95 a5					żądanie CMD_READ_PUMP_MODEL_NUMBER 0x8D           

Read (UP): 2018-08-04 11:54:38,6659424
 a9 65 b4 d2 35 56 68 d5 59 56 38 d6 8e 58 f4 55	odpowiedź CMD_READ_PUMP_MODEL_NUMBER 0x8D   
 55 55 55 55 55 55 55 55 55 55 55 55 55 55 55 55   
 55 55 55 55 55 55 55 55 55 55 55 55 55 55 55 55   
 55 55 55 55 55 55 55 55 55 55 55 55 55 55 55 55   
 55 55 55 55 55 55 55 55 55 55 55 55 55 55 55 55   
 55 55 55 55 55 55 55 55 55 55 55 55 55 55 55 55   
 55 55 55 55 55 55 55 55 55 64 b5

Write (DOWN): 2018-08-04 11:54:39,5585808
 a9 65 b4 d2 35 56 b0 e5 55 2d a5					żądanie CMD_READ_CURRENT_PUMP_STATUS 0xCE           

Read (UP): 2018-08-04 11:54:39,7518176
 a9 65 b4 d2 35 56 b0 e5 63 56 35 55 55 55 55 55	odpowiedź CMD_READ_CURRENT_PUMP_STATUS 0xCE   
 55 55 55 55 55 55 55 55 55 55 55 55 55 55 55 55   
 55 55 55 55 55 55 55 55 55 55 55 55 55 55 55 55   
 55 55 55 55 55 55 55 55 55 55 55 55 55 55 55 55   
 55 55 55 55 55 55 55 55 55 55 55 55 55 55 55 55   
 55 55 55 55 55 55 55 55 55 55 55 55 55 55 55 55   
 55 55 55 55 55 55 55 55 55 b1 95

Write (DOWN): 2018-08-04 11:54:39,7854496
 a9 65 b4 d2 35 56 d0 d5 55 a8 d5					żądanie CMD_SUSPEND_RESUME 0x4D            

Read (UP): 2018-08-04 11:54:39,9026736
 a9 65 b4 d2 35 56 56 65 55 70 d5					odpowiedź ACK

Write (DOWN): 2018-08-04 11:54:39,9253136
       a9 65 b4 d2 35 56 d0 d5 71 55 55 55 55 55	żądanie CMD_SUSPEND_RESUME 0x4D z parametrem?   
 55 55 55 55 55 55 55 55 55 55 55 55 55 55 55 55   
 55 55 55 55 55 55 55 55 55 55 55 55 55 55 55 55   
 55 55 55 55 55 55 55 55 55 55 55 55 55 55 55 55   
 55 55 55 55 55 55 55 55 55 55 55 55 55 55 55 55   
 55 55 55 55 55 55 55 55 55 55 55 55 55 55 55 55   
 55 55 55 55 55 55 55 55 55 55 55 96 65            

Read (UP): 2018-08-04 11:54:40,1167744
 a9 65 b4 d2 35 56 56 65 55 70 d5					odpowiedź ACK

Write (DOWN): 2018-08-04 11:54:41,1371648
 a9 65 b4 d2 35 56 5a 55 55 68 b5					żądanie CMD_READ_ERROR_STATUS 0x75            

Read (UP): 2018-08-04 11:54:41,3294064
 a9 65 b4 d2 35 56 5a 55 71 55 55 55 55 55 55 55	odpowiedź CMD_READ_ERROR_STATUS 0x75   
 55 55 55 55 55 55 55 55 55 55 55 55 55 55 55 55   
 55 55 55 55 55 55 55 55 55 55 55 55 55 55 55 55   
 55 55 55 55 55 55 55 55 55 55 55 55 55 55 55 55   
 55 55 55 55 55 55 55 55 55 55 55 55 55 55 55 55   
 55 55 55 55 55 55 55 55 55 55 55 55 55 55 55 55   
 55 55 55 55 55 55 55 55 55 64 b5

Write (DOWN): 2018-08-04 11:54:41,3796400
 a9 65 b4 d2 35 56 59 55 55 b2 55					żądanie CMD_READ_RTC 0x70            

Read (UP): 2018-08-04 11:54:41,5611872
 a9 65 b4 d2 35 56 59 55 56 54 b8 e5 57 25 56 3b	odpowiedź CMD_READ_RTC 0x70   
 25 5a 57 45 55 55 55 55 55 55 55 55 55 55 55 55   
 55 55 55 55 55 55 55 55 55 55 55 55 55 55 55 55   
 55 55 55 55 55 55 55 55 55 55 55 55 55 55 55 55   
 55 55 55 55 55 55 55 55 55 55 55 55 55 55 55 55   
 55 55 55 55 55 55 55 55 55 55 55 55 55 55 55 55   
 55 55 55 55 55 55 55 55 55 59 65   

Write (DOWN): 2018-08-04 11:54:41,6123232
 a9 65 b4 d2 35 56 d0 d5 55 a8 d5					żądanie CMD_SUSPEND_RESUME 0x4D            

Read (UP): 2018-08-04 11:54:41,7275440
 a9 65 b4 d2 35 56 56 65 55 70 d5					odpowiedź ACK

Write (DOWN): 2018-08-04 11:54:41,7503008
 a9 65 b4 d2 35 56 d0 d5 71 57 15 55 55 55 55 55	żądanie CMD_SUSPEND_RESUME 0x4D z parametrem?   
 55 55 55 55 55 55 55 55 55 55 55 55 55 55 55 55   
 55 55 55 55 55 55 55 55 55 55 55 55 55 55 55 55   
 55 55 55 55 55 55 55 55 55 55 55 55 55 55 55 55   
 55 55 55 55 55 55 55 55 55 55 55 55 55 55 55 55   
 55 55 55 55 55 55 55 55 55 55 55 55 55 55 55 55   
 55 55 55 55 55 55 55 55 55 d2 65            

Read (UP): 2018-08-04 11:54:41,9594096
 a9 65 b4 d2 35 56 56 65 55 70 d5					odpowiedź ACK

Write (DOWN): 2018-08-04 11:54:46,0021408
 a9 65 b4 d2 35 56 5b 15 55 36 35					żądanie CMD_READ_PUMP_ID 0x71					            

Read (UP): 2018-08-04 11:54:46,1797872
 a9 65 b4 d2 35 56 5b 15 66 8d 68 f4 8f 48 e3 8d	odpowiedź CMD_READ_PUMP_ID 0x71   
 58 d6 55 55 55 55 55 55 55 55 55 55 55 55 55 55   
 55 55 55 55 55 55 55 55 55 55 55 55 55 55 55 55   
 55 55 55 55 55 55 55 55 55 55 55 55 55 55 55 55   
 55 55 55 55 55 55 55 55 55 55 55 55 55 55 55 55   
 55 55 55 55 55 55 55 55 55 55 55 55 55 55 55 55   
 55 55 55 55 55 55 55 55 55 8f 45 

Write (DOWN): 2018-08-04 11:54:46,229980
 a9 65 b4 d2 35 56 5b 45 55 64 d5					żądanie CMD_READ_FIRMWARE_VERSION 0x74            

Read (UP): 2018-08-04 11:54:46,4116016
 a9 65 b4 d2 35 56 5b 45 4e 96 6d 25 97 2c 95 8e	odpowiedź CMD_READ_FIRMWARE_VERSION 0x74  
 3c 8e 8f 1d 25 8f 1c 8e 8f 1c 95 54 b5 4b 55 55   
 55 55 55 55 55 55 55 55 55 55 55 55 55 55 55 55   
 55 55 55 55 55 55 55 55 55 55 55 55 55 55 55 55   
 55 55 55 55 55 55 55 55 55 55 55 55 55 55 55 55   
 55 55 55 55 55 55 55 55 55 55 55 55 55 55 55 55   
 55 55 55 55 55 55 55 55 55 38 e5               

Write (DOWN): 2018-08-04 11:54:46,4772864
 a9 65 b4 d2 35 56 64 d5 55 aa 35					żądanie CMD_READ_CURRENT_HISTORY_PAGE_NUMBER 0x9D            

Read (UP): 2018-08-04 11:54:46,6550288
 a9 65 b4 d2 35 56 64 d5 74 55 55 55 55 58 e5 55	odpowiedź CMD_READ_CURRENT_HISTORY_PAGE_NUMBER 0x9D   
 55 55 55 55 55 55 55 55 55 55 55 55 55 55 55 55   
 55 55 55 55 55 55 55 55 55 55 55 55 55 55 55 55   
 55 55 55 55 55 55 55 55 55 55 55 55 55 55 55 55   
 55 55 55 55 55 55 55 55 55 55 55 55 55 55 55 55   
 55 55 55 55 55 55 55 55 55 55 55 55 55 55 55 55   
 55 55 55 55 55 55 55 55 55 3a 55             

Write (DOWN): 2018-08-04 11:54:46,7051200
 a9 65 b4 d2 35 56 b0 d5 55 6b 25					żądanie CMD_READ_CURRENT_GLUCOSE_HISTORY_PAGE_NUMBER 0xCD            

Read (UP): 2018-08-04 11:54:46,8827776
 a9 65 b4 d2 35 56 b0 d5 6c 55 55 55 55 55 65 55	odpowiedź CMD_READ_CURRENT_GLUCOSE_HISTORY_PAGE_NUMBER 0xCD   
 55 66 55 55 66 55 5c 95 55 5c 95 55 55 55 55 55   
 55 55 55 55 55 55 55 55 55 55 55 55 55 55 55 55   
 55 55 55 55 55 55 55 55 55 55 55 55 55 55 55 55   
 55 55 55 55 55 55 55 55 55 55 55 55 55 55 55 55   
 55 55 55 55 55 55 55 55 55 55 55 55 55 55 55 55   
 55 55 55 55 55 55 55 55 55 68 d5 

Write (DOWN): 2018-08-04 11:54:46,9329760
 a9 65 b4 d2 35 56 b1 55 55 5a c5					żądanie CMD_READ_SETTINGS 0xC0          


Read (UP): 2018-08-04 11:54:47,1457808
 a9 65 b4 d2 35 56 b1 5c 59 55 55 71 57 15 71 57	odpowiedź CMD_READ_SETTINGS 0xC0   
 15 55 8f 25 55 95 55 71 55 55 55 57 15 55 57 19   
 b4 57 15 5c 55 5c 74 55 58 f2 55 55 55 55 55 55   
 55 55 55 55 55 55 55 55 55 55 55 55 55 55 55 55   
 55 55 55 55 55 55 55 55 55 55 55 55 55 55 55 55   
 55 55 55 55 55 55 55 55 55 55 55 55 55 55 55 55   
 55 55 55 55 55 55 55 55 55 70 b5               

Write (DOWN): 2018-08-04 11:54:47,180934
 a9 65 b4 d2 35 56 59 95 55 9a 35					żądanie CMD_READ_TOTALS_TODAY 0x79            

Read (UP): 2018-08-04 11:54:47,3706080
 a9 65 b4 d2 35 56 59 95 5a 55 55 55 55 5a 99 55	odpowiedź CMD_READ_TOTALS_TODAY 0x79   
 55 55 57 19 8d 55 55 55 55 55 55 55 55 55 55 55   
 55 55 55 55 55 55 55 55 55 55 55 55 55 55 55 55   
 55 55 55 55 55 55 55 55 55 55 55 55 55 55 55 55   
 55 55 55 55 55 55 55 55 55 55 55 55 55 55 55 55   
 55 55 55 55 55 55 55 55 55 55 55 55 55 55 55 55   
 55 55 55 55 55 55 55 55 55 67 15                


Write (DOWN): 2018-08-04 11:54:47,4425008
 a9 65 b4 d2 35 56 67 25 55 5b 15					żądanie CMD_READ_STD_PROFILES 0x92				            

Read (UP): 2018-08-04 11:54:47,6252208
 a9 65 b4 d2 35 56 67 25 71 55 95 55 55 55 6c 55	odpowiedź CMD_READ_STD_PROFILES 0x92 początek   
 55 66 54 d5 55 56 cc 56 55 5c 72 c5 95 55 c5 95   
 6a 55 5c 4e c6 35 55 cb 45 66 55 5c 9a c6 65 55   
 ca c5 4e 55 5c 9c 55 55 55 55 55 55 55 55 55 55   
 55 55 55 55 55 55 55 55 55 55 55 55 55 55 55 55   
 55 55 55 55 55 55 55 55 55 55 55 55 55 55 55 55   
 55 55 55 55 55 55 55 55 55 65 65                

Write (DOWN): 2018-08-04 11:54:47,6909616
 a9 65 b4 d2 35 56 56 65 55 70 d5					żądanie ACK do dalszego odbioru CMD_READ_STD_PROFILES 0x92            

Read (UP): 2018-08-04 11:54:47,8686400
 a9 65 b4 d2 35 56 67 25 72 55 55 55 55 55 55 55	odpowiedź CMD_READ_STD_PROFILES 0x92 ciąg dalszy   
 55 55 55 55 55 55 55 55 55 55 55 55 55 55 55 55   
 55 55 55 55 55 55 55 55 55 55 55 55 55 55 55 55   
 55 55 55 55 55 55 55 55 55 55 55 55 55 55 55 55   
 55 55 55 55 55 55 55 55 55 55 55 55 55 55 55 55   
 55 55 55 55 55 55 55 55 55 55 55 55 55 55 55 55   
 55 55 55 55 55 55 55 55 55 6a 35               

Write (DOWN): 2018-08-04 11:54:47,9342864
 a9 65 b4 d2 35 56 56 65 55 70 d5					żądanie ACK do dalszego odbioru CMD_READ_STD_PROFILES 0x92            

Read (UP): 2018-08-04 11:54:48,1120112
 a9 65 b4 d2 35 56 67 26 a3 55 55 55 55 55 55 55	odpowiedź CMD_READ_STD_PROFILES 0x92 koniec   
 55 55 55 55 55 55 55 55 55 55 55 55 55 55 55 55   
 55 55 55 55 55 55 55 55 55 55 55 55 55 55 55 55   
 55 55 55 55 55 55 55 55 55 55 55 55 55 55 55 55   
 55 55 55 55 55 55 55 55 55 55 55 55 55 55 55 55   
 55 55 55 55 55 55 55 55 55 55 55 55 55 55 55 55   
 55 55 55 55 55 55 55 55 55 57 15                

Write (DOWN): 2018-08-04 11:54:48,1455552
 a9 65 b4 d2 35 56 66 35 55 99 65					żądanie CMD_READ_A_PROFILES 0x93             

Read (UP): 2018-08-04 11:54:48,3272000
 a9 65 b4 d2 35 56 66 35 71 56 65 55 55 55 6a 55	odpowiedź CMD_READ_A_PROFILES 0x93 początek   
 55 72 55 65 55 55 a5 6a 55 55 4e 56 c5 55 c6 65   
 6a 55 5c 4b 54 d5 55 cb 25 5c 55 5c 99 55 a5 55   
 c9 c5 55 55 55 55 55 55 55 55 55 55 55 55 55 55   
 55 55 55 55 55 55 55 55 55 55 55 55 55 55 55 55   
 55 55 55 55 55 55 55 55 55 55 55 55 55 55 55 55   
 55 55 55 55 55 55 55 55 55 c6 65                

Write (DOWN): 2018-08-04 11:54:48,3928816
 a9 65 b4 d2 35 56 56 65 55 70 d5					żądanie ACK do dalszego odbioru CMD_READ_A_PROFILES 0x93            

Read (UP): 2018-08-04 11:54:48,5706032
 a9 65 b4 d2 35 56 66 35 72 55 55 55 55 55 55 55	odpowiedź CMD_READ_A_PROFILES 0x93 ciąg dalszy   
 55 55 55 55 55 55 55 55 55 55 55 55 55 55 55 55   
 55 55 55 55 55 55 55 55 55 55 55 55 55 55 55 55   
 55 55 55 55 55 55 55 55 55 55 55 55 55 55 55 55   
 55 55 55 55 55 55 55 55 55 55 55 55 55 55 55 55   
 55 55 55 55 55 55 55 55 55 55 55 55 55 55 55 55   
 55 55 55 55 55 55 55 55 55 59 a5               

Write (DOWN): 2018-08-04 11:54:48,6041504
 a9 65 b4 d2 35 56 56 65 55 70 d5					żądanie ACK do dalszego odbioru CMD_READ_A_PROFILES 0x93            

Read (UP): 2018-08-04 11:54:48,7928368
 a9 65 b4 d2 35 56 66 36 a3 55 55 55 55 55 55 55	odpowiedź CMD_READ_A_PROFILES 0x93 koniec   
 55 55 55 55 55 55 55 55 55 55 55 55 55 55 55 55   
 55 55 55 55 55 55 55 55 55 55 55 55 55 55 55 55   
 55 55 55 55 55 55 55 55 55 55 55 55 55 55 55 55   
 55 55 55 55 55 55 55 55 55 55 55 55 55 55 55 55   
 55 55 55 55 55 55 55 55 55 55 55 55 55 55 55 55   
 55 55 55 55 55 55 55 55 55 72 a5             

Write (DOWN): 2018-08-04 11:54:48,8264080
 a9 65 b4 d2 35 56 67 45 55 56 55					żądanie CMD_READ_B_PROFILES 0x94            

Read (UP): 2018-08-04 11:54:49,0080512
 a9 65 b4 d2 35 56 67 45 71 56 55 55 55 55 56 55	odpowiedź CMD_READ_B_PROFILES 0x94 początek   
 55 74 56 a5 55 55 a5 4b 55 55 5c 56 c5 55 c5 a5   
 4b 55 5c a5 54 e5 55 c8 b5 65 55 5c 9c 55 55 55   
 55 55 55 55 55 55 55 55 55 55 55 55 55 55 55 55   
 55 55 55 55 55 55 55 55 55 55 55 55 55 55 55 55   
 55 55 55 55 55 55 55 55 55 55 55 55 55 55 55 55   
 55 55 55 55 55 55 55 55 55 70 d5                

Write (DOWN): 2018-08-04 11:54:49,0893152
 a9 65 b4 d2 35 56 56 65 55 70 d5					żądanie ACK do dalszego odbioru CMD_READ_B_PROFILES 0x94            

Read (UP): 2018-08-04 11:54:49,2670688
 a9 65 b4 d2 35 56 67 45 72 55 55 55 55 55 55 55	odpowiedź CMD_READ_B_PROFILES 0x94 ciąg dalszy   
 55 55 55 55 55 55 55 55 55 55 55 55 55 55 55 55   
 55 55 55 55 55 55 55 55 55 55 55 55 55 55 55 55   
 55 55 55 55 55 55 55 55 55 55 55 55 55 55 55 55   
 55 55 55 55 55 55 55 55 55 55 55 55 55 55 55 55   
 55 55 55 55 55 55 55 55 55 55 55 55 55 55 55 55   
 55 55 55 55 55 55 55 55 55 8f 45                

Write (DOWN): 2018-08-04 11:54:49,3483248
 a9 65 b4 d2 35 56 56 65 55 70 d5					żądanie ACK do dalszego odbioru CMD_READ_B_PROFILES 0x94            

Read (UP): 2018-08-04 11:54:49,5260080
 a9 65 b4 d2 35 56 67 46 a3 55 55 55 55 55 55 55	odpowiedź CMD_READ_B_PROFILES 0x94 koniec   
 55 55 55 55 55 55 55 55 55 55 55 55 55 55 55 55   
 55 55 55 55 55 55 55 55 55 55 55 55 55 55 55 55   
 55 55 55 55 55 55 55 55 55 55 55 55 55 55 55 55   
 55 55 55 55 55 55 55 55 55 55 55 55 55 55 55 55   
 55 55 55 55 55 55 55 55 55 55 55 55 55 55 55 55   
 55 55 55 55 55 55 55 55 55 2e 65 

Write (DOWN): 2018-08-04 11:54:49,5595920
 a9 65 b4 d2 35 56 65 a5 55 38 d5					żądanie CMD_READ_TEMP_BASAL 0x98            

Read (UP): 2018-08-04 11:54:49,7412208
 a9 65 b4 d2 35 56 65 a5 66 57 15 55 55 55 55 55	odpowiedź CMD_READ_TEMP_BASAL 0x98   
 55 55 55 55 55 55 55 55 55 55 55 55 55 55 55 55   
 55 55 55 55 55 55 55 55 55 55 55 55 55 55 55 55   
 55 55 55 55 55 55 55 55 55 55 55 55 55 55 55 55   
 55 55 55 55 55 55 55 55 55 55 55 55 55 55 55 55   
 55 55 55 55 55 55 55 55 55 55 55 55 55 55 55 55   
 55 55 55 55 55 55 55 55 55 c5 95               

Write (DOWN): 2018-08-04 11:54:49,7747488
 a9 65 b4 d2 35 56 5b 25 55 39 95					żądanie CMD_READ_BATTERY 0x72            

Read (UP): 2018-08-04 11:54:49,9564512
 a9 65 b4 d2 35 56 5b 25 63 55 55 55 6a 55 55 55	odpowiedź CMD_READ_BATTERY 0x72   
 55 55 55 55 55 55 55 55 55 55 55 55 55 55 55 55   
 55 55 55 55 55 55 55 55 55 55 55 55 55 55 55 55   
 55 55 55 55 55 55 55 55 55 55 55 55 55 55 55 55   
 55 55 55 55 55 55 55 55 55 55 55 55 55 55 55 55   
 55 55 55 55 55 55 55 55 55 55 55 55 55 55 55 55   
 55 55 55 55 55 55 55 55 55 34 e5              

Write (DOWN): 2018-08-04 11:54:49,9899376
 a9 65 b4 d2 35 56 5a 35 55 71 c5					żądanie CMD_READ_RESERVOIR 0x73            

Read (UP): 2018-08-04 11:54:50,1635984
 a9 65 b4 d2 35 56 5a 35 74 55 55 55 c6 5d 15 55	odpowiedź CMD_READ_RESERVOIR 0x73   
 55 55 55 55 55 55 55 55 55 55 55 55 55 55 55 55   
 55 55 55 55 55 55 55 55 55 55 55 55 55 55 55 55   
 55 55 55 55 55 55 55 55 55 55 55 55 55 55 55 55   
 55 55 55 55 55 55 55 55 55 55 55 55 55 55 55 55   
 55 55 55 55 55 55 55 55 55 55 55 55 55 55 55 55   
 55 55 55 55 55 55 55 55 55 c6 55               

Write (DOWN): 2018-08-04 11:54:50,2692800
 a9 65 b4 d2 35 56 5a 65 55 2f 15					żądanie CMD_READ_REMOTE_CTRL_IDS 0x76            

Read (UP): 2018-08-04 11:54:50,4484496
 a9 65 b4 d2 35 56 5a 6c 72 8f 48 f1 8e 38 e3 8d	odpowiedź CMD_READ_REMOTE_CTRL_IDS 0x76   
 98 e5 c8 dc 8d c8 dc 8d c8 dc 8d c8 dc 8d c8 dc   
 8d c8 dc 8d 55 55 55 55 55 55 55 55 55 55 55 55   
 55 55 55 55 55 55 55 55 55 55 55 55 55 55 55 55   
 55 55 55 55 55 55 55 55 55 55 55 55 55 55 55 55   
 55 55 55 55 55 55 55 55 55 55 55 55 55 55 55 55   
 55 55 55 55 55 55 55 55 55 56 35                

Write (DOWN): 2018-08-04 11:54:50,4819536
 a9 65 b4 d2 35 56 6a 35 55 66 c5					żądanie CMD_READ_PUMP_STATE 0x83            

Read (UP): 2018-08-04 11:54:50,6902128
 a9 65 b4 d2 35 56 6a 35 71 56 35 55 55 55 55 55	odpowiedź CMD_READ_PUMP_STATE 0x83   
 55 55 55 55 55 55 55 55 55 55 55 55 55 55 55 55   
 55 55 55 55 55 55 55 55 55 55 55 55 55 55 55 55   
 55 55 55 55 55 55 55 55 55 55 55 55 55 55 55 55   
 55 55 55 55 55 55 55 55 55 55 55 55 55 55 55 55   
 55 55 55 55 55 55 55 55 55 55 55 55 55 55 55 55   
 55 55 55 55 55 55 55 55 55 d1 55                

Write (DOWN): 2018-08-04 11:54:50,8028416
 a9 65 b4 d2 35 56 6a 65 55 37 25					żądanie CMD_READ_LANGUAGE 0x86            

Read (UP): 2018-08-04 11:54:50,9804272
 a9 65 b4 d2 35 56 6a 65 71 54 d5 55 55 55 55 55	odpowiedź CMD_READ_LANGUAGE 0x86   
 55 55 55 55 55 55 55 55 55 55 55 55 55 55 55 55   
 55 55 55 55 55 55 55 55 55 55 55 55 55 55 55 55   
 55 55 55 55 55 55 55 55 55 55 55 55 55 55 55 55   
 55 55 55 55 55 55 55 55 55 55 55 55 55 55 55 55   
 55 55 55 55 55 55 55 55 55 55 55 55 55 55 55 55   
 55 55 55 55 55 55 55 55 55 6b 15                

Write (DOWN): 2018-08-04 11:54:51,0140528
 a9 65 b4 d2 35 56 68 d5 55 95 a5					żądanie CMD_READ_PUMP_MODEL_NUMBER 0x8D            

Read (UP): 2018-08-04 11:54:51,2138352
 a9 65 b4 d2 35 56 68 d5 59 56 38 d6 8e 58 f4 55	odpowiedź CMD_READ_PUMP_MODEL_NUMBER 0x8D   
 55 55 55 55 55 55 55 55 55 55 55 55 55 55 55 55   
 55 55 55 55 55 55 55 55 55 55 55 55 55 55 55 55   
 55 55 55 55 55 55 55 55 55 55 55 55 55 55 55 55   
 55 55 55 55 55 55 55 55 55 55 55 55 55 55 55 55   
 55 55 55 55 55 55 55 55 55 55 55 55 55 55 55 55   
 55 55 55 55 55 55 55 55 55 64 b5                

Write (DOWN): 2018-08-04 11:54:51,2630384
 a9 65 b4 d2 35 56 68 e5 55 9b 25					żądanie CMD_READ_BG_ALARM_CLOCKS 0x8E            

Read (UP): 2018-08-04 11:54:51,4358208
 a9 65 b4 d2 35 56 68 ec 55 56 55 55 71 c7 1c 71	odpowiedź CMD_READ_BG_ALARM_CLOCKS 0x8E   
 c7 1c 71 c7 1c 71 c7 1c 71 c7 1c 71 c7 1c 71 c7   
 1c 55 55 55 55 55 55 55 55 55 55 55 55 55 55 55   
 55 55 55 55 55 55 55 55 55 55 55 55 55 55 55 55   
 55 55 55 55 55 55 55 55 55 55 55 55 55 55 55 55   
 55 55 55 55 55 55 55 55 55 55 55 55 55 55 55 55   
 55 55 55 55 55 55 55 55 55 8d 95                

Write (DOWN): 2018-08-04 11:54:51,4693344
 a9 65 b4 d2 35 56 65 65 55 8d c5					żądanie  CMD_READ_BG_ALARM_ENABLE 0x97            

Read (UP): 2018-08-04 11:54:51,6509520
 a9 65 b4 d2 35 56 65 65 71 55 55 55 55 55 55 55	odpowiedź CMD_READ_BG_ALARM_ENABLE 0x97   
 55 55 55 55 55 55 55 55 55 55 55 55 55 55 55 55   
 55 55 55 55 55 55 55 55 55 55 55 55 55 55 55 55   
 55 55 55 55 55 55 55 55 55 55 55 55 55 55 55 55   
 55 55 55 55 55 55 55 55 55 55 55 55 55 55 55 55   
 55 55 55 55 55 55 55 55 55 55 55 55 55 55 55 55   
 55 55 55 55 55 55 55 55 55 73 45                

Write (DOWN): 2018-08-04 11:54:51,7478592
 a9 65 b4 d2 35 56 65 55 55 94 d5					żądanie CMD_READ_BG_REMINDER_ENABLE 0x90            

Read (UP): 2018-08-04 11:54:51,9296448
 a9 65 b4 d2 35 56 65 55 71 55 55 55 55 55 55 55	odpowiedź CMD_READ_BG_REMINDER_ENABLE 0x90   
 55 55 55 55 55 55 55 55 55 55 55 55 55 55 55 55   
 55 55 55 55 55 55 55 55 55 55 55 55 55 55 55 55   
 55 55 55 55 55 55 55 55 55 55 55 55 55 55 55 55   
 55 55 55 55 55 55 55 55 55 55 55 55 55 55 55 55   
 55 55 55 55 55 55 55 55 55 55 55 55 55 55 55 55   
 55 55 55 55 55 55 55 55 55 2d a5                

Write (DOWN): 2018-08-04 11:54:52,0240384
 a9 65 b4 d2 35 56 65 c5 55 69 c5					żądanie CMD_READ_BG_TARGETS ??? 0x9F lub bardziej CMD_ENABLE_DISABLE_DETAIL_TRACE 0x9F ???            

Read (UP): 2018-08-04 11:54:52,2058976
 a9 65 b4 d2 35 56 65 c5 71 57 15 55 55 55 55 55	odpowiedź CMD_READ_BG_TARGETS ??? 0x9F lub bardziej CMD_ENABLE_DISABLE_DETAIL_TRACE 0x9F ???    
 55 55 55 55 55 55 55 55 55 55 55 55 55 55 55 55   
 55 55 55 55 55 55 55 55 55 55 55 55 55 55 55 55   
 55 55 55 55 55 55 55 55 55 55 55 55 55 55 55 55   
 55 55 55 55 55 55 55 55 55 55 55 55 55 55 55 55   
 55 55 55 55 55 55 55 55 55 55 55 55 55 55 55 55   
 55 55 55 55 55 55 55 55 55 b0 b5                

Write (DOWN): 2018-08-04 11:54:52,2393408
 a9 65 b4 d2 35 56 69 95 55 55 55					żądanie CMD_READ_BG_UNITS 0x89            

Read (UP): 2018-08-04 11:54:52,4366272
 a9 65 b4 d2 35 56 69 95 71 57 15 55 55 55 55 55	odpowiedź CMD_READ_BG_UNITS 0x89  
 55 55 55 55 55 55 55 55 55 55 55 55 55 55 55 55   
 55 55 55 55 55 55 55 55 55 55 55 55 55 55 55 55   
 55 55 55 55 55 55 55 55 55 55 55 55 55 55 55 55   
 55 55 55 55 55 55 55 55 55 55 55 55 55 55 55 55   
 55 55 55 55 55 55 55 55 55 55 55 55 55 55 55 55   
 55 55 55 55 55 55 55 55 55 cb 25                

Write (DOWN): 2018-08-04 11:54:52,5558272
 a9 65 b4 d2 35 56 69 65 55 b3 45					żądanie CMD_READ_BOLUS_WIZARD_SETUP_STATUS 0x87            

Read (UP): 2018-08-04 11:54:52,7348848
 a9 65 b4 d2 35 56 69 65 66 55 55 55 57 15 55 57	odpowiedź CMD_READ_BOLUS_WIZARD_SETUP_STATUS 0x87   
 15 71 55 55 55 55 55 55 55 55 55 55 55 55 55 55   
 55 55 55 55 55 55 55 55 55 55 55 55 55 55 55 55   
 55 55 55 55 55 55 55 55 55 55 55 55 55 55 55 55   
 55 55 55 55 55 55 55 55 55 55 55 55 55 55 55 55   
 55 55 55 55 55 55 55 55 55 55 55 55 55 55 55 55   
 55 55 55 55 55 55 55 55 55 8d 95                

Write (DOWN): 2018-08-04 11:54:52,8382752
 a9 65 b4 d2 35 56 6a a5 55 8e a5					żądanie CMD_READ_CARB_RATIOS 0x8A            

Read (UP): 2018-08-04 11:54:53,0200032
 a9 65 b4 d2 35 56 6a ac 6c 57 15 55 55 55 55 55	odpowiedź CMD_READ_CARB_RATIOS 0x8A   
 55 55 55 55 55 55 55 55 55 55 55 55 55 55 55 55   
 55 55 55 55 55 55 55 55 55 55 55 55 55 55 55 55   
 55 55 55 55 55 55 55 55 55 55 55 55 55 55 55 55   
 55 55 55 55 55 55 55 55 55 55 55 55 55 55 55 55   
 55 55 55 55 55 55 55 55 55 55 55 55 55 55 55 55   
 55 55 55 55 55 55 55 55 55 96 35                

Write (DOWN): 2018-08-04 11:54:53,1124560
 a9 65 b4 d2 35 56 69 a5 55 c6 65					żądanie CMD_READ_CARB_UNITS 0x88            

Read (UP): 2018-08-04 11:54:53,2942752
 a9 65 b4 d2 35 56 69 a5 71 57 15 55 55 55 55 55	odpowiedź CMD_READ_CARB_UNITS 0x88   
 55 55 55 55 55 55 55 55 55 55 55 55 55 55 55 55   
 55 55 55 55 55 55 55 55 55 55 55 55 55 55 55 55   
 55 55 55 55 55 55 55 55 55 55 55 55 55 55 55 55   
 55 55 55 55 55 55 55 55 55 55 55 55 55 55 55 55   
 55 55 55 55 55 55 55 55 55 55 55 55 55 55 55 55   
 55 55 55 55 55 55 55 55 55 35 95               

Write (DOWN): 2018-08-04 11:54:53,4185472
 a9 65 b4 d2 35 56 66 55 55 c6 35					żądanie CMD_READ_LOGIC_LINK_IDS 0x95            

Read (UP): 2018-08-04 11:54:53,6000496
 a9 65 b4 d2 35 56 66 5c 72 8d a8 e3 8e 68 e5 8f	odpowiedź CMD_READ_LOGIC_LINK_IDS 0x95   
 18 d5 c8 dc 8d c8 dc 8d c8 dc 8d c8 dc 8d c8 dc   
 8d c8 dc 8d 55 55 55 55 55 55 55 55 55 55 55 55   
 55 55 55 55 55 55 55 55 55 55 55 55 55 55 55 55   
 55 55 55 55 55 55 55 55 55 55 55 55 55 55 55 55   
 55 55 55 55 55 55 55 55 55 55 55 55 55 55 55 55   
 55 55 55 55 55 55 55 55 55 64 b5               


Write (DOWN): 2018-08-04 11:54:53,7445392
 a9 65 b4 d2 35 56 68 b5 55 ca c5					żądanie CMD_READ_INSULIN_SENSITIVITIES 0x8B            

Read (UP): 2018-08-04 11:54:53,9222672
 a9 65 b4 d2 35 56 68 b5 71 57 15 55 55 55 55 55	odpowiedź CMD_READ_INSULIN_SENSITIVITIES 0x8B   
 55 55 55 55 55 55 55 55 55 55 55 55 55 55 55 55   
 55 55 55 55 55 55 55 55 55 55 55 55 55 55 55 55   
 55 55 55 55 55 55 55 55 55 55 55 55 55 55 55 55   
 55 55 55 55 55 55 55 55 55 55 55 55 55 55 55 55   
 55 55 55 55 55 55 55 55 55 55 55 55 55 55 55 55   
 55 55 55 55 55 55 55 55 55 d1 c5                

Write (DOWN): 2018-08-04 11:54:54,0502704
 a9 65 b4 d2 35 56 69 c5 55 5b 45					żądanie CMD_READ_RESERVOIR_WARNING 0x8F            

Read (UP): 2018-08-04 11:54:54,2320304
 a9 65 b4 d2 35 56 69 c5 72 55 5c 74 55 55 55 55	odpowiedź CMD_READ_RESERVOIR_WARNING 0x8F   
 55 55 55 55 55 55 55 55 55 55 55 55 55 55 55 55   
 55 55 55 55 55 55 55 55 55 55 55 55 55 55 55 55   
 55 55 55 55 55 55 55 55 55 55 55 55 55 55 55 55   
 55 55 55 55 55 55 55 55 55 55 55 55 55 55 55 55   
 55 55 55 55 55 55 55 55 55 55 55 55 55 55 55 55   
 55 55 55 55 55 55 55 55 55 59 95                

Write (DOWN): 2018-08-04 11:54:54,2656000
 a9 65 b4 d2 35 56 b3 15 55 9a a5					żądanie CMD_READ_SAVED_SETTINGS_DATE 0xC1            

Read (UP): 2018-08-04 11:54:54,4784848
 a9 65 b4 d2 35 56 b3 15 5a c6 58 e3 55 a5 56 3b	odpowiedź CMD_READ_SAVED_SETTINGS_DATE 0xC1   
 15 4b c7 15 71 55 55 55 55 55 55 55 55 55 55 55   
 55 55 55 55 55 55 55 55 55 55 55 55 55 55 55 55   
 55 55 55 55 55 55 55 55 55 55 55 55 55 55 55 55   
 55 55 55 55 55 55 55 55 55 55 55 55 55 55 55 55   
 55 55 55 55 55 55 55 55 55 55 55 55 55 55 55 55   
 55 55 55 55 55 55 55 55 55 55 95                

Write (DOWN): 2018-08-04 11:54:54,6064928
 a9 65 b4 d2 35 56 b2 35 55 d2 65					żądanie CMD_READ_CONTRAST 0xC3            

Read (UP): 2018-08-04 11:54:54,8095072
 a9 65 b4 d2 35 56 b2 35 72 57 25 56 55 55 55 55	odpowiedź CMD_READ_CONTRAST 0xC3   
 55 55 55 55 55 55 55 55 55 55 55 55 55 55 55 55   
 55 55 55 55 55 55 55 55 55 55 55 55 55 55 55 55   
 55 55 55 55 55 55 55 55 55 55 55 55 55 55 55 55   
 55 55 55 55 55 55 55 55 55 55 55 55 55 55 55 55   
 55 55 55 55 55 55 55 55 55 55 55 55 55 55 55 55   
 55 55 55 55 55 55 55 55 55 66 a5                

Write (DOWN): 2018-08-04 11:54:54,8778416
 a9 65 b4 d2 35 56 b2 55 55 8f 25					żądanie CMD_READ_BOLUS_REMINDER_ENABLE 0xC5            

Read (UP): 2018-08-04 11:54:55,0611056
 a9 65 b4 d2 35 56 b2 55 71 55 55 55 55 55 55 55	odpowiedź CMD_READ_BOLUS_REMINDER_ENABLE 0xC5   
 55 55 55 55 55 55 55 55 55 55 55 55 55 55 55 55   
 55 55 55 55 55 55 55 55 55 55 55 55 55 55 55 55   
 55 55 55 55 55 55 55 55 55 55 55 55 55 55 55 55   
 55 55 55 55 55 55 55 55 55 55 55 55 55 55 55 55   
 55 55 55 55 55 55 55 55 55 55 55 55 55 55 55 55   
 55 55 55 55 55 55 55 55 55 cb 45                

Write (DOWN): 2018-08-04 11:54:55,0946160
 a9 65 b4 d2 35 56 b2 65 55 55 a5					żądanie CMD_READ_BOLUS_REMINDERS 0xC6            

Read (UP): 2018-08-04 11:54:55,3231024
 a9 65 b4 d2 35 56 b2 6c 95 71 c7 1c 71 c7 1c 71	odpowiedź CMD_READ_BOLUS_REMINDERS 0xC6   
 c7 1c 71 c7 1c 71 c7 1c 71 c7 1c 71 c7 1c 71 c7   
 1c 71 c7 1c 71 c7 1c 71 c7 1c 71 c7 1c 71 c7 1c   
 71 c7 1c 71 c7 1c 71 c7 1c 55 55 55 55 55 55 55   
 55 55 55 55 55 55 55 55 55 55 55 55 55 55 55 55   
 55 55 55 55 55 55 55 55 55 55 55 55 55 55 55 55   
 55 55 55 55 55 55 55 55 55 5b 45                

Write (DOWN): 2018-08-04 11:54:55,4510912
 a9 65 b4 d2 35 56 b1 65 55 c4 e5					żądanie CMD_READ_FACTORY_PARAMETERS 0xC7            

Read (UP): 2018-08-04 11:54:55,6289232
 a9 65 b4 d2 35 56 b1 6c 74 57 15 72 57 25 72 57	odpowiedź CMD_READ_FACTORY_PARAMETERS 0xC7   
 15 71 57 25 72 57 16 63 57 26 5a 94 db 15 55 56   
 55 57 15 72 9b 45 74 55 55 55 55 55 55 55 55 55   
 55 55 55 55 55 55 55 55 55 55 55 55 55 55 55 55   
 55 55 55 55 55 55 55 55 55 55 55 55 55 55 55 55   
 55 55 55 55 55 55 55 55 55 55 55 55 55 55 55 55   
 55 55 55 55 55 55 55 55 55 66 a5                

Write (DOWN): 2018-08-04 11:54:55,6623856
 a9 65 b4 d2 35 56 b1 c5 55 a8 e5					żądanie CMD_READ_SENSOR_SETTINGS 0xCF            

Read (UP): 2018-08-04 11:54:55,9064400
 a9 65 b4 d2 35 56 b1 cd 15 55 55 71 57 45 55 69	odpowiedź żądanie CMD_READ_SENSOR_SETTINGS 0xCF   
 57 15 69 59 55 57 46 95 8e c6 95 c9 a5 5a 6b 15   
 4e 69 58 f2 c9 c6 95 59 a6 95 c9 a5 55 56 37 1c   
 56 37 1c 55 55 63 71 c5 63 71 c5 55 56 37 1c 56   
 37 1c 55 55 63 71 c5 63 71 c5 55 8e c5 55 c7 45   
 55 c4 e5 55 2f 45 55 d2 65 71 55 58 ec c7 23 66   
 69 65 71 55 5c 4e 55 58 ec 71 55                

Write (DOWN): 2018-08-04 11:54:56,0189040
 a9 65 b4 d2 35 56 66 c5 55 2e 55					żądanie CMD_READ_CALIBRATION_FACTOR 0x9C            

Read (UP): 2018-08-04 11:54:56,1976784
 a9 65 b4 d2 35 56 66 c5 72 55 55 55 55 55 55 55	odpowiedź CMD_READ_CALIBRATION_FACTOR 0x9C   
 55 55 55 55 55 55 55 55 55 55 55 55 55 55 55 55   
 55 55 55 55 55 55 55 55 55 55 55 55 55 55 55 55   
 55 55 55 55 55 55 55 55 55 55 55 55 55 55 55 55   
 55 55 55 55 55 55 55 55 55 55 55 55 55 55 55 55   
 55 55 55 55 55 55 55 55 55 55 55 55 55 55 55 55   
 55 55 55 55 55 55 55 55 55 c4 b5                

Write (DOWN): 2018-08-04 11:54:56,3100816
 a9 65 b4 d2 35 56 37 15 55 67 15					żądanie CMD_READ_SENSOR_PREDICTIVE_ALERTS 0xD1           

Read (UP): 2018-08-04 11:54:56,4859120
 a9 65 b4 d2 35 56 37 1c 6a 55 55 71 55 56 9c 69	odpowiedź CMD_READ_SENSOR_PREDICTIVE_ALERTS 0xD1   
 c5 55 71 c7 1c 55 57 1c 71 c5 55 71 c7 1c 55 57   
 1c 71 c5 55 71 c7 1c 55 57 1c 71 c5 55 71 c7 1c   
 55 55 55 55 55 55 55 55 55 55 55 55 55 55 55 55   
 55 55 55 55 55 55 55 55 55 55 55 55 55 55 55 55   
 55 55 55 55 55 55 55 55 55 55 55 55 55 55 55 55   
 55 55 55 55 55 55 55 55 55 2d 55               

Write (DOWN): 2018-08-04 11:54:56,5244384
 a9 65 b4 d2 35 56 37 45 55 35 c5					żądanie CMD_READ_SENSOR_RATE_OF_CHANGE_ALERTS 0xD4            

Read (UP): 2018-08-04 11:54:56,7061200
 a9 65 b4 d2 35 56 37 45 74 55 55 55 55 55 55 55	odpowiedź CMD_READ_SENSOR_RATE_OF_CHANGE_ALERTS 0xD4   
 55 55 55 55 55 55 55 55 55 55 55 55 55 55 55 55   
 55 55 55 55 55 55 55 55 55 55 55 55 55 55 55 55   
 55 55 55 55 55 55 55 55 55 55 55 55 55 55 55 55   
 55 55 55 55 55 55 55 55 55 55 55 55 55 55 55 55   
 55 55 55 55 55 55 55 55 55 55 55 55 55 55 55 55   
 55 55 55 55 55 55 55 55 55 58 b5                

Write (DOWN): 2018-08-04 11:54:56,7395696
 a9 65 b4 d2 35 56 37 25 55 a8 b5					żądanie CMD_READ_SENSOR_DEMO_AND_GRAPH_TIMEOUT 0xD2            

Read (UP): 2018-08-04 11:54:56,9368784
 a9 65 b4 d2 35 56 37 25 72 57 15 55 55 55 55 55	odpowiedź CMD_READ_SENSOR_DEMO_AND_GRAPH_TIMEOUT 0xD2   
 55 55 55 55 55 55 55 55 55 55 55 55 55 55 55 55   
 55 55 55 55 55 55 55 55 55 55 55 55 55 55 55 55   
 55 55 55 55 55 55 55 55 55 55 55 55 55 55 55 55   
 55 55 55 55 55 55 55 55 55 55 55 55 55 55 55 55   
 55 55 55 55 55 55 55 55 55 55 55 55 55 55 55 55   
 55 55 55 55 55 55 55 55 55 59 55               

Write (DOWN): 2018-08-04 11:54:57,0327008
 a9 65 b4 d2 35 56 36 35 55 2c d5					żądanie CMD_READ_SENSOR_ALARM_SILENCE 0xD3           

Read (UP): 2018-08-04 11:54:57,2144848
 a9 65 b4 d2 35 56 36 35 63 55 55 55 55 55 55 55	odpowiedź CMD_READ_SENSOR_ALARM_SILENCE 0xD3   
 55 55 55 55 55 55 55 55 55 55 55 55 55 55 55 55   
 55 55 55 55 55 55 55 55 55 55 55 55 55 55 55 55   
 55 55 55 55 55 55 55 55 55 55 55 55 55 55 55 55   
 55 55 55 55 55 55 55 55 55 55 55 55 55 55 55 55   
 55 55 55 55 55 55 55 55 55 55 55 55 55 55 55 55   
 55 55 55 55 55 55 55 55 55 a9 95                

Write (DOWN): 2018-08-04 11:54:57,3483056
 9 65 b4 d2 35 56 71 55 55 3a a5					żądanie CMD_READ_OTHER_DEVICES_IDS 0xF0            

Read (UP): 2018-08-04 11:54:57,5301280
 a9 65 b4 d2 35 56 71 5c 5c 57 15 55 ca 3d 2c 2e	odpowiedź CMD_READ_OTHER_DEVICES_IDS 0xF0   
 3c ac 71 c7 1c 55 57 1c 71 c5 55 71 c7 1c 55 57   
 1c 71 c5 55 71 c7 1c 55 57 1c 71 c5 55 71 c7 1c   
 56 37 1c 55 55 63 71 c5 55 55 55 55 55 55 55 55   
 55 55 55 55 55 55 55 55 55 55 55 55 55 55 55 55   
 55 55 55 55 55 55 55 55 55 55 55 55 55 55 55 55   
 55 55 55 55 55 55 55 55 55 5a a5               

Write (DOWN): 2018-08-04 11:54:57,5635824
 a9 65 b4 d2 35 56 69 55 55 aa 65					żądanie CMD_READ_HISTORY_DATA 0x80            

Read (UP): 2018-08-04 11:54:57,6828192
 a9 65 b4 d2 35 56 56 65 55 70 d5					odpowiedź ACK                

Write (DOWN): 2018-08-04 11:54:57,7077472
 a9 65 b4 d2 35 56 69 55 71 55 55 55 55 55 55 55	żądanie pobrania 1 fragmentu CMD_READ_HISTORY_DATA 0x80    
 55 55 55 55 55 55 55 55 55 55 55 55 55 55 55 55   
 55 55 55 55 55 55 55 55 55 55 55 55 55 55 55 55   
 55 55 55 55 55 55 55 55 55 55 55 55 55 55 55 55   
 55 55 55 55 55 55 55 55 55 55 55 55 55 55 55 55   
 55 55 55 55 55 55 55 55 55 55 55 55 55 55 55 55   
 55 55 55 55 55 55 55 55 55 3a 65            

Read (UP): 2018-08-04 11:54:57,9751040
 a9 65 b4 d2 35 56 69 55 71 98 e6 b1 c7 25 65 55	odpowiedź z 1 fragmentem CMD_READ_HISTORY_DATA 0x80   
 55 55 55 55 55 55 55 55 55 55 72 c8 d5 71 99 6d   
 15 55 5b 26 cb 45 55 55 55 55 55 55 55 55 55 55   
 55 55 55 b2 65 55 55 55 55 56 65 55 55 55 55 55   
 55 55 55 55 55 55 55 55 55 55 55 55 55 55 55 55   
 55 55 55 55 55 55 55 58 b5 71 69 55 55 56 35 72   
 c7 25 66 56 c5 55 58 b5 72 b1 55                

Write (DOWN): 2018-08-04 11:54:58,1504928
 a9 65 b4 d2 35 56 56 65 55 70 d5					żądanie ACK            

Read (UP): 2018-08-04 11:54:58,3374576
 a9 65 b4 d2 35 56 69 55 72 69 55 55 56 65 72 c7	odpowiedź z 2 fragmentem CMD_READ_HISTORY_DATA 0x80   
 25 6c 54 d5 55 58 b5 63 69 55 55 55 95 72 c7 2c   
 72 c5 65 55 58 b5 74 69 5c 4e 56 c5 72 c7 2c 59   
 c5 95 55 58 b5 65 69 55 55 55 c5 72 c7 2c 4e 56   
 a5 55 58 b5 66 69 55 55 c7 25 72 c7 2c b4 c6 35   
 55 c4 e5 71 aa 58 d6 c6 3c b2 c7 25 8b 56 62 da   
 8d 6c 63 57 2c 72 cb 4c 63 2e 35                

Write (DOWN): 2018-08-04 11:54:58,3708992
 a9 65 b4 d2 35 56 56 65 55 70 d5					żądanie ACK            

Read (UP): 2018-08-04 11:54:58,5592256
 a9 65 b4 d2 35 56 69 55 63 55 5c 5c c9 52 da 8d	odpowiedź z 3 fragmentem CMD_READ_HISTORY_DATA 0x80   
 6c 63 cb 2c 72 c4 e5 71 66 a8 ea c6 3c b2 c7 25   
 71 55 58 ec 55 5c 5a 55 55 55 55 56 a3 8e a9 63   
 cb 2c 72 58 b5 66 a8 d8 ea c6 35 72 c7 2c b4 c6   
 35 55 c5 cc 95 a8 e8 ea c6 3c b2 c7 25 8b 55 66   
 95 55 5c 74 57 2c 72 c9 a5 66 55 5c 4e 57 16 8d   
 55 5c 74 57 2c 72 57 15 55 2c e5                

Write (DOWN): 2018-08-04 11:54:58,6396256
 a9 65 b4 d2 35 56 56 65 55 70 d5					żądanie ACK            

Read (UP): 2018-08-04 11:54:58,8369056
 a9 65 b4 d2 35 56 69 55 74 8f 45 55 c4 e5 55 c5	odpowiedź z 4 fragmentem CMD_READ_HISTORY_DATA 0x80   
 a5 55 aa a8 cb 96 3c b2 c7 25 8b 55 66 9c 55 5c   
 74 57 2c 72 c9 a5 66 55 5c 5c c9 56 9c 55 5c 74   
 57 2c 72 c4 e5 71 a9 95 4b c7 4c b2 c7 25 71 55   
 58 d5 55 5c 66 55 58 e6 55 56 63 54 b9 74 cb 2c   
 72 58 b5 56 69 55 6c c7 45 72 c7 2c 9a 56 65 55   
 c5 cc 95 69 55 6c c7 4c b2 aa 55                

Write (DOWN): 2018-08-04 11:54:58,8869168
 a9 65 b4 d2 35 56 56 65 55 70 d5					żądanie ACK            

Read (UP): 2018-08-04 11:54:59,0686048
 a9 65 b4 d2 35 56 69 55 65 c7 2c 4e 57 16 9c 54	odpowiedź z 5 fragmentem CMD_READ_HISTORY_DATA 0x80   
 dc 74 cb 2c 72 57 15 55 c9 a5 55 c6 a5 55 d2 c5   
 55 2f 25 6c 97 4c b2 c7 25 8b 55 6a b2 54 dc 74   
 57 2c 72 c9 a5 66 55 5c 5c c9 5a b2 54 dc 74 cb   
 2c 72 c4 e5 71 6a cc 4e c6 5c b2 c7 25 71 55 5d   
 15 55 5c 95 55 59 74 55 5a 9a c4 d9 65 cb 2c 72   
 58 b5 56 65 cc 5c c6 55 72 d1 c5                

Write (DOWN): 2018-08-04 11:54:59,1021920
 a9 65 b4 d2 35 56 56 65 55 70 d5					żądanie ACK            

Read (UP): 2018-08-04 11:54:59,2802256
 a9 65 b4 d2 35 56 69 55 66 c7 2c 9a 56 65 55 c5	odpowiedź z 6 fragmentem CMD_READ_HISTORY_DATA 0x80   
 cc 95 65 cc 5c c6 5c b2 c7 2c 4e 57 16 8d 8d ac   
 65 cb 2c 72 58 b5 5a ab 15 55 c6 65 72 c7 2c ac   
 c6 65 55 c5 cc 95 ab 15 55 c6 6c b2 c7 25 8b 55   
 96 95 c4 ec 56 57 2c 72 c9 c5 4e 55 55 8b 55 56   
 95 55 55 55 56 3c 72 55 55 59 55 55 56 55 55 55   
 57 17 32 6b 2c 72 55 55 55 98 b5                

Write (DOWN): 2018-08-04 11:54:59,3293616
 a9 65 b4 d2 35 56 56 65 55 70 d5					żądanie ACK            

Read (UP): 2018-08-04 11:54:59,5110784
 a9 65 b4 d2 35 56 69 55 56 55 59 8e 6b 2c 72 56	odpowiedź z 7 fragmentem CMD_READ_HISTORY_DATA 0x80   
 55 55 55 55 55 55 55 55 55 55 55 57 17 32 57 19   
 ac d1 95 55 6a 6c 4b 55 55 55 55 55 55 55 55 55   
 55 55 55 55 56 a6 55 55 55 55 55 65 55 55 55 55   
 55 55 55 55 55 55 55 55 55 55 55 55 55 55 55 55   
 55 55 55 55 55 55 55 55 55 8b 57 16 95 55 55 63   
 56 3c 72 56 65 6c 55 55 8b c9 65                

Write (DOWN): 2018-08-04 11:54:59,6225040
 a9 65 b4 d2 35 56 56 65 55 70 d5					żądanie ACK            

Read (UP): 2018-08-04 11:54:59,8043376
 a9 65 b4 d2 35 56 69 55 5a 57 26 95 55 55 66 56	odpowiedź z 8 fragmentem CMD_READ_HISTORY_DATA 0x80   
 3c 72 56 c5 4d 55 55 8b 56 36 95 55 55 59 56 3c   
 72 c7 2c 56 55 55 8b 57 46 95 c4 e5 6c 56 3c 72   
 c5 9c 59 55 55 8b 56 56 95 55 55 5c 56 3c 72 c4   
 e5 6a 55 55 8b 56 66 95 55 5c 72 56 3c 72 cb 4c   
 63 55 55 8b 55 66 95 55 5c 74 56 3c 72 c9 a5 66   
 55 55 8b 55 a6 95 55 5c 66 c6 35                

Write (DOWN): 2018-08-04 11:54:59,8392784
 a9 65 b4 d2 35 56 56 65 55 70 d5					żądanie ACK            

Read (UP): 2018-08-04 11:55:00,0184336
 a9 65 b4 d2 35 56 69 55 59 56 3c 72 ca cc 66 55	odpowiedź z 9 fragmentem CMD_READ_HISTORY_DATA 0x80   
 55 8b 55 96 95 c4 ec 56 56 3c 72 c9 c5 4e 55 55   
 8b 55 56 95 55 55 55 57 4c 72 55 55 59 55 55 56   
 55 55 55 57 19 8d 6a 3c 72 55 55 55 55 59 8e 6a   
 3c 72 56 55 55 55 55 55 55 55 55 55 55 55 57 19   
 8d 57 19 8d 9b 45 55 55 55 55 55 55 55 55 55 55   
 55 55 55 55 55 55 55 55 55 cb 25                

Write (DOWN): 2018-08-04 11:55:00,1465392
 a9 65 b4 d2 35 56 56 65 55 70 d5					żądanie ACK            

Read (UP): 2018-08-04 11:55:00,3690688
 a9 65 b4 d2 35 56 69 55 6a 55 55 55 55 55 55 55	odpowiedź z 10 fragmentem CMD_READ_HISTORY_DATA 0x80   
 55 55 55 55 55 55 55 55 55 55 55 55 55 55 55 55   
 55 55 55 55 55 55 55 55 55 55 55 55 8b 57 16 95   
 55 55 63 57 4c 72 56 65 6c 55 55 8b 57 26 95 55   
 55 66 57 4c 72 56 c5 4d 55 55 8b 56 36 95 55 55   
 59 57 4c 72 c7 2c 56 55 55 55 55 55 55 55 55 55   
 55 55 55 55 55 55 55 55 55 3a 55                

Write (DOWN): 2018-08-04 11:55:00,4191520
 a9 65 b4 d2 35 56 56 65 55 70 d5					żądanie ACK            

Read (UP): 2018-08-04 11:55:00,5968128
 a9 65 b4 d2 35 56 69 55 4b 55 55 55 55 55 55 55	odpowiedź z 11 fragmentem CMD_READ_HISTORY_DATA 0x80   
 55 55 55 55 55 55 55 55 55 55 55 55 55 55 55 55   
 55 55 55 55 55 55 55 55 55 55 55 55 55 55 55 55   
 55 55 55 55 55 55 55 55 55 55 55 55 55 55 55 55   
 55 55 55 55 55 55 55 55 55 55 55 55 55 55 55 55   
 55 55 55 55 55 55 55 55 55 55 55 55 55 55 55 55   
 55 55 55 55 55 55 55 55 55 69 95                

Write (DOWN): 2018-08-04 11:55:00,6459456
 a9 65 b4 d2 35 56 56 65 55 70 d5					żądanie ACK            

Read (UP): 2018-08-04 11:55:00,8588384
 a9 65 b4 d2 35 56 69 55 6c 55 55 55 55 55 55 55	odpowiedź z 12 fragmentem CMD_READ_HISTORY_DATA 0x80   
 55 55 55 55 55 55 55 55 55 55 55 55 55 55 55 55   
 55 55 55 55 55 55 55 55 55 55 55 55 55 55 55 55   
 55 55 55 55 55 55 55 55 55 55 55 55 55 55 55 55   
 55 55 55 55 55 55 55 55 55 55 55 55 55 55 55 55   
 55 55 55 55 55 55 55 55 55 55 55 55 55 55 55 55   
 55 55 55 55 55 55 55 55 55 c5 65                

Write (DOWN): 2018-08-04 11:55:00,9391760
 a9 65 b4 d2 35 56 56 65 55 70 d5					żądanie ACK            

Read (UP): 2018-08-04 11:55:01,1520528
 a9 65 b4 d2 35 56 69 55 4d 55 55 55 55 55 55 55	odpowiedź z 13 fragmentem CMD_READ_HISTORY_DATA 0x80   
 55 55 55 55 55 55 55 55 55 55 55 55 55 55 55 55   
 55 55 55 55 55 55 55 55 55 55 55 55 55 55 55 55   
 55 55 55 55 55 55 55 55 55 55 55 55 55 55 55 55   
 55 55 55 55 55 55 55 55 55 55 55 55 55 55 55 55   
 55 55 55 55 55 55 55 55 55 55 55 55 55 55 55 55   
 55 55 55 55 55 55 55 55 55 ca 55                

Write (DOWN): 2018-08-04 11:55:01,2853472
 a9 65 b4 d2 35 56 56 65 55 70 d5					żądanie ACK            

Read (UP): 2018-08-04 11:55:01,4918720
 a9 65 b4 d2 35 56 69 55 4e 55 55 55 55 55 55 55	odpowiedź z 14 fragmentem CMD_READ_HISTORY_DATA 0x80   
 55 55 55 55 55 55 55 55 55 55 55 55 55 55 55 55   
 55 55 55 55 55 55 55 55 55 55 55 55 55 55 55 55   
 55 55 55 55 55 55 55 55 55 55 55 55 55 55 55 55   
 55 55 55 55 55 55 55 55 55 55 55 55 55 55 55 55   
 55 55 55 55 55 55 55 55 55 55 55 55 55 55 55 55   
 55 55 55 55 55 55 55 55 55 5a 35                

Write (DOWN): 2018-08-04 11:55:01,6355440
 a9 65 b4 d2 35 56 56 65 55 70 d5					żądanie ACK            

Read (UP): 2018-08-04 11:55:01,8173184
 a9 65 b4 d2 35 56 69 55 5c 55 55 55 55 55 55 55	odpowiedź z 15 fragmentem CMD_READ_HISTORY_DATA 0x80   
 55 55 55 55 55 55 55 55 55 55 55 55 55 55 55 55   
 55 55 55 55 55 55 55 55 55 55 55 55 55 55 55 55   
 55 55 55 55 55 55 55 55 55 55 55 55 55 55 55 55   
 55 55 55 55 55 55 55 55 55 55 55 55 55 55 55 55   
 55 55 55 55 55 55 55 55 55 55 55 55 55 55 55 55   
 55 55 55 55 55 55 55 55 55 d3 15                

Write (DOWN): 2018-08-04 11:55:01,8829568
 a9 65 b4 d2 35 56 56 65 55 70 d5					żądanie ACK            

Read (UP): 2018-08-04 11:55:02,0606304
 a9 65 b4 d2 35 56 69 56 55 55 55 55 55 55 55 55	odpowiedź z 16 fragmentem CMD_READ_HISTORY_DATA 0x80   
 55 55 55 55 55 55 55 55 55 55 55 55 55 55 55 55   
 55 55 55 55 55 55 55 55 55 55 55 55 55 55 55 55   
 55 55 55 55 55 55 55 55 55 55 55 55 55 55 55 55   
 55 55 55 55 55 55 55 55 55 55 55 55 55 55 55 55   
 55 55 55 55 55 55 55 55 55 55 55 55 55 55 55 55   
 55 55 55 55 55 55 35 6c 4d 99 c5 
